
Correct output:
Input:
X: [[0.85794562 0.84725174]
 [0.6235637  0.38438171]
 [0.29753461 0.05671298]
 [0.         0.47766512]
 [0.         0.        ]
 [0.3927848  0.        ]
 [0.         0.64817187]
 [0.36824154 0.        ]
 [0.         0.87008726]
 [0.47360805 0.        ]
 [0.         0.        ]
 [0.         0.        ]
 [0.53737323 0.75861562]
 [0.10590761 0.        ]
 [0.18633234 0.        ]]
K: 6
post:[[0.15765074 0.20544344 0.17314824 0.15652173 0.12169798 0.18553787]
 [0.1094766  0.22310587 0.24109142 0.0959303  0.19807563 0.13232018]
 [0.22679645 0.36955206 0.02836173 0.03478709 0.00807236 0.33243031]
 [0.16670188 0.18637975 0.20964608 0.17120102 0.09886116 0.16721011]
 [0.04250305 0.22996176 0.05151538 0.33947585 0.18753121 0.14901275]
 [0.09799086 0.28677458 0.16895715 0.21054678 0.0069597  0.22877093]
 [0.16764519 0.16897033 0.25848053 0.18674186 0.09846462 0.11969746]
 [0.28655211 0.02473762 0.27387452 0.27546459 0.08641467 0.05295649]
 [0.11353057 0.13090863 0.20522811 0.15786368 0.35574052 0.03672849]
 [0.10510461 0.08116927 0.3286373  0.12745369 0.23464272 0.12299241]
 [0.09757735 0.06774952 0.40286261 0.08481828 0.1206645  0.22632773]
 [0.24899344 0.02944918 0.25413459 0.02914503 0.29614373 0.14213403]
 [0.35350682 0.21890411 0.26755234 0.01418274 0.10235276 0.04350123]
 [0.15555757 0.06236572 0.16703133 0.21760554 0.03369562 0.36374421]
 [0.1917808  0.08982788 0.17710673 0.03179658 0.19494387 0.31454414]]
Output:
Mu: [[0.41970858 0.57419602]
 [0.46514641 0.50509648]
 [0.45167656 0.64343368]
 [0.41703438 0.87008726]
 [0.36824154 0.        ]
 [0.35384957 0.44162885]]
Var: [0.25       0.25       0.25       0.25       0.28690463 0.25      ]
P: [0.1680912  0.15835331 0.21384187 0.14223565 0.14295074 0.17452722]
Test: output4

Correct output:
Input:
X: [[0.         0.         0.        ]
 [0.         0.         0.        ]
 [0.95376807 0.         0.        ]
 [0.2071699  0.         0.89155733]
 [0.         0.         0.        ]
 [0.29331252 0.74774814 0.        ]
 [0.46079246 0.         0.48473017]
 [0.         0.         0.        ]
 [0.75526692 0.         0.        ]
 [0.8868179  0.95182931 0.71951725]
 [0.30040672 0.         0.        ]
 [0.         0.         0.        ]
 [0.79545826 0.         0.        ]
 [0.54251709 0.         0.29471643]
 [0.         0.         0.41175774]
 [0.         0.56833677 0.79166041]
 [0.         0.         0.56198979]]
K: 7
post:[[0.14193342 0.11325012 0.15161914 0.22244974 0.18605062 0.11891758
  0.06577937]
 [0.08262789 0.27218827 0.04572363 0.13987046 0.14927727 0.03856985
  0.27174264]
 [0.05362574 0.07038086 0.05663832 0.36229069 0.04435071 0.17254421
  0.24016948]
 [0.17053995 0.1969523  0.16259708 0.17621404 0.1822313  0.0273808
  0.08408454]
 [0.09243892 0.06820344 0.09125367 0.41722633 0.00743275 0.08082034
  0.24262454]
 [0.08434674 0.04890048 0.0548923  0.26964197 0.25500612 0.18089032
  0.10632207]
 [0.14974005 0.03057846 0.09163693 0.03656773 0.26003035 0.17664584
  0.25480065]
 [0.05242488 0.13472394 0.08140511 0.03760404 0.10105673 0.33980997
  0.25297533]
 [0.29401978 0.04732296 0.19155501 0.15630639 0.03659863 0.11380997
  0.16038726]
 [0.22830491 0.15193035 0.02152716 0.16968046 0.19889768 0.17522407
  0.05443537]
 [0.23519511 0.16349352 0.02009153 0.24178032 0.06186564 0.2470289
  0.03054497]
 [0.32820456 0.22259062 0.12192589 0.2947767  0.00881789 0.02097326
  0.00271108]
 [0.11449088 0.03567302 0.1037567  0.09654318 0.19669267 0.2318066
  0.22103696]
 [0.21495797 0.01373273 0.31464704 0.05686846 0.28769774 0.06375265
  0.04834342]
 [0.00797113 0.19328542 0.02043646 0.36762649 0.07867816 0.1397529
  0.19224944]
 [0.15355204 0.27834952 0.04684437 0.09940943 0.21691144 0.20244645
  0.00248675]
 [0.2318383  0.20618996 0.03670947 0.09406895 0.11016123 0.2145767
  0.1064554 ]]
Output:
Mu: [[0.57149741 0.56833677 0.61144608]
 [0.95376807 0.         0.67188558]
 [0.55936764 0.         0.        ]
 [0.59186434 0.         0.59635609]
 [0.53160004 0.95182931 0.58626942]
 [0.60416199 0.         0.        ]
 [0.64636595 0.         0.41175774]]
Var: [0.25       0.25       0.25       0.25       0.25       0.27066899
 0.25      ]
P: [0.15507131 0.13222035 0.09489763 0.19052502 0.14010335 0.14970296
 0.13747937]


 Input:
X: [[0.         0.         0.        ]
 [0.         0.92856359 0.        ]
 [0.         0.63029667 0.        ]
 [0.         0.         0.        ]
 [0.         0.         0.        ]
 [0.         0.33820597 0.21606695]
 [0.         0.         0.06609922]
 [0.         0.         0.65501856]
 [0.         0.         0.        ]
 [0.         0.66897201 0.        ]
 [0.60841124 0.         0.        ]
 [0.         0.         0.        ]
 [0.88133083 0.         0.33618558]
 [0.         0.         0.        ]
 [0.         0.13628853 0.        ]
 [0.53688914 0.         0.        ]
 [0.         0.         0.        ]
 [0.         0.42630411 0.        ]]
K: 7
post:[[0.27105882 0.03309049 0.06908698 0.18989501 0.17371155 0.04641882
  0.21673831]
 [0.12122032 0.05119091 0.20084964 0.06970332 0.18075154 0.16416441
  0.21211987]
 [0.12023956 0.09911933 0.04579045 0.20947483 0.11900974 0.27063172
  0.13573437]
 [0.05374015 0.35087279 0.15314536 0.15760365 0.06757837 0.03480459
  0.1822551 ]
 [0.19205061 0.08214382 0.09549114 0.16437443 0.22122701 0.22954117
  0.01517182]
 [0.30144724 0.0062983  0.30183839 0.04113806 0.07537554 0.09068749
  0.18321498]
 [0.14625312 0.0626751  0.20060441 0.22965543 0.11473209 0.22980802
  0.01627183]
 [0.16557653 0.17925206 0.12781971 0.15962464 0.14328124 0.06066496
  0.16378086]
 [0.08376301 0.15360983 0.09759851 0.19946873 0.08426282 0.09840053
  0.28289658]
 [0.20781958 0.11880283 0.01433732 0.18572802 0.0651929  0.19857363
  0.20954573]
 [0.15138244 0.02028387 0.11145285 0.21469159 0.01127375 0.16087961
  0.33003587]
 [0.18727212 0.17501662 0.02115374 0.17495423 0.19679394 0.20143304
  0.04337631]
 [0.17769613 0.0321724  0.14975268 0.19473252 0.07336521 0.21124705
  0.16103401]
 [0.18209307 0.15466125 0.15448726 0.11028707 0.202169   0.13875536
  0.057547  ]
 [0.17726956 0.0959616  0.24081967 0.19667219 0.04645076 0.14559866
  0.09722756]
 [0.09063043 0.01779529 0.02466416 0.28739464 0.22647102 0.16195279
  0.19109168]
 [0.09215604 0.2222707  0.00570085 0.22539373 0.1447442  0.08594273
  0.22379175]
 [0.09098406 0.10867624 0.28407644 0.06796192 0.14568108 0.02166399
  0.28095628]]
Output:
Mu: [[0.         0.48310137 0.        ]
 [0.         0.         0.        ]
 [0.88133083 0.44217771 0.33618558]
 [0.53688914 0.         0.        ]
 [0.         0.         0.06609922]
 [0.         0.63029667 0.        ]
 [0.         0.55209941 0.        ]]
Var: [0.25       0.33426764 0.25       0.25       0.33432245 0.25
 0.25      ]
P: [0.15625849 0.10910519 0.12770386 0.17104189 0.12733732 0.14173159
 0.16682166]